v2.0 raw
1000400 7000420 6400040 480081 12*0 1000400 7000420 6400040
400010 6400020 6400040 6400010 600009 8*0 1000400 7000420
6400040 400010 400008 600009 10*0 1000400 7000420 6400040
400010 2400020 3002000 3002200 200001 24*0 1000400 7000420
6400040 400010 6400020 7402040 1402010 200009 8*0 1000400
7000420 6400040 400010 6400020 7802040 1802010 200009 8*0
1000400 7000420 6400040 400010 6400020 6802040 802010 200009
8*0 2000 2008 200001 13*0 1002000 1002100 200001
255*0 1000400 7000420 6400040 840010 8400001 200000
